0,0
0.01,0
0.02,0
0.03,0
0.04,0
0.05,0
0.06,0
0.07,0
0.08,185.92
0.09,185.07
0.1,184.43
0.11,0
0.12,0
0.13,0
0.14,0
0.15,0
0.16,0
0.17,0
0.18,0
0.19,0
0.2,112.94
0.21,112.81
0.22,112.87
0.23,113.07
0.24,113.26
0.25,113.46
0.26,113.66
0.27,113.86
0.28,0
0.29,0
0.3,0
0.31,0
0.32,412.11
0.33,60
0.34,60
0.35,60
0.36,60
0.37,60
0.38,311.06
0.39,0
0.4,0
0.41,0
0.42,0
0.43,0
0.44,0
0.45,0
0.46,286.9
0.47,284.09
0.48,0
0.49,0
0.5,0
0.51,380.1
0.52,0
0.53,0
0.54,0
0.55,0
0.56,0
0.57,0
0.58,0
0.59,0
0.6,0
0.61,0
0.62,0
0.63,0
0.64,0
0.65,0
0.66,0
0.67,688.7
0.68,617.11
0.69,0
0.7,0
0.71,0
0.72,0
0.73,0
0.74,0
0.75,0
0.76,0
0.77,0
0.78,0
0.79,0
0.8,0
0.81,0
0.82,0
0.83,0
0.84,0
0.85,110.68
0.86,0
0.87,0
0.88,0
0.89,0
0.9,0
0.91,0
0.92,0
0.93,0
0.94,0
0.95,0
0.96,0
0.97,0
0.98,0
0.99,0
1,0
1.01,0
1.02,0
1.03,0
1.04,0
1.05,0
1.06,0
1.07,0
1.08,0
1.09,0
1.1,0
1.11,0
1.12,0
1.13,338.43
1.14,0
1.15,304.48
1.16,178.86
1.17,180.32
1.18,184.53
1.19,187.32
1.2,186.46
1.21,180.11
1.22,178.45
1.23,176.4
1.24,172.87
1.25,172.87
1.26,172.87
1.27,172.87
1.28,172.87
1.29,173.67
1.3,174.88
1.31,176.4
1.32,177.83
1.33,178.76
1.34,179.49
1.35,180.32
1.36,181.26
1.37,181.36
1.38,180.63
1.39,180
1.4,179.38
1.41,179.17
1.42,180.21
1.43,0
1.44,0
1.45,111.06
1.46,0
1.47,182.94
1.48,182.83
1.49,373.35
1.5,183.15
1.51,184.21
1.52,185.28
1.53,186.24
1.54,373.35
1.55,187
1.56,187.22
1.57,187.54
1.58,187.76
1.59,186.89
1.6,185.07
1.61,182.83
1.62,181.15
1.63,180.94
1.64,0
1.65,0
1.66,0
1.67,0
1.68,0
1.69,0
1.7,188.41
1.71,188.19
1.72,187.32
1.73,0
1.74,0
1.75,0
1.76,0
1.77,116.25
1.78,116.85
1.79,117.33
1.8,117.53
1.81,362.3
1.82,359.18
1.83,189.28
1.84,190.71
1.85,0
1.86,423.94
1.87,424.92
1.88,424.43
1.89,0
1.9,0
1.91,0
1.92,0
1.93,524.65
1.94,520.73
1.95,0
1.96,182.52
1.97,0
1.98,0
1.99,0
2,0
2.01,0
2.02,0
2.03,0
2.04,226.14
2.05,226.27
2.06,225.75
2.07,0
2.08,0
2.09,0
2.1,0
2.11,291.07
2.12,300.81
2.13,303.78
2.14,308.02
2.15,0
2.16,0
2.17,648.17
2.18,704.39
2.19,0
2.2,0
2.21,0
2.22,0
2.23,225.36
2.24,226.14
2.25,225.62
2.26,224.84
2.27,224.58
2.28,224.19
2.29,225.1
2.3,225.88
2.31,226.53
2.32,227.05
2.33,226.53
2.34,224.58
2.35,0
2.36,404.33
2.37,406.2
2.38,420.04
2.39,201.23
2.4,0
2.41,0
2.42,0
2.43,0
2.44,242.93
2.45,240.14
2.46,236.15
2.47,234.52
2.48,232.5
2.49,85.789
2.5,85.888
2.51,85.988
2.52,86.087
2.53,86.187
2.54,86.286
2.55,86.436
2.56,86.536
2.57,86.436
2.58,86.386
2.59,86.286
2.6,124.3
2.61,124.16
2.62,123.95
2.63,123.73
2.64,123.52
2.65,123.09
2.66,122.52
2.67,121.96
2.68,121.46
2.69,121.04
2.7,120.42
2.71,0
2.72,0
2.73,0
2.74,0
2.75,0
2.76,0
2.77,0
2.78,0
2.79,367.57
2.8,367.36
2.81,0
2.82,0
2.83,0
2.84,0
2.85,0
2.86,0
2.87,0
2.88,189.06
2.89,232.63
2.9,231.29
2.91,235.74
2.92,243.91
2.93,185.28
2.94,0
2.95,0
2.96,0
2.97,0
2.98,233.3
2.99,233.98
3,234.65
3.01,236.01
3.02,238.62
3.03,240.56
3.04,242.09
3.05,434.85
3.06,0
3.07,82.247
3.08,0
3.09,0
3.1,0
3.11,0
3.12,0
3.13,0
3.14,0
3.15,0
3.16,206.06
3.17,580.8
3.18,553.29
3.19,0
3.2,492.36
3.21,469.85
3.22,472.85
3.23,454.37
3.24,431.85
3.25,0
3.26,0
3.27,0
3.28,0
3.29,0
3.3,0
3.31,565.24
3.32,187.22
3.33,186.46
3.34,186.46
3.35,186.46
3.36,186.46
3.37,186.46
3.38,186.03
3.39,368.64
3.4,363.98
3.41,184.74
3.42,184.11
3.43,182.83
3.44,181.26
3.45,179.9
3.46,179.38
3.47,179.8
3.48,180.32
3.49,180.84
3.5,181.47
3.51,181.36
3.52,181.15
3.53,0
3.54,0
3.55,0
3.56,382.96
3.57,0
3.58,0
3.59,0
3.6,0
3.61,0
3.62,185.07
3.63,185.82
3.64,186.03
3.65,186.24
3.66,186.35
3.67,186.46
3.68,186.57
3.69,186.78
3.7,186.89
3.71,187
3.72,187.22
3.73,187.54
3.74,187.87
3.75,188.19
3.76,188.19
3.77,187.76
3.78,187.65
3.79,187.65
3.8,187.65
3.81,187.54
3.82,187.43
3.83,187.43
3.84,187.32
3.85,187.22
3.86,187.11
3.87,187
3.88,186.89
3.89,187.22
3.9,187.76
3.91,188.19
3.92,188.52
3.93,188.63
3.94,188.41
3.95,188.19
3.96,187.97
3.97,187.54
3.98,185.28
3.99,475.58
4,0
4.01,0
4.02,0
4.03,450.71
4.04,0
4.05,290.9
4.06,290.9
4.07,0
4.08,0
4.09,0
4.1,201.7
4.11,0
4.12,319.07
4.13,224.32
4.14,225.49
4.15,355.87
4.16,365.46
4.17,591.29
4.18,718.77
4.19,0
4.2,0
4.21,0
4.22,371.2
4.23,372.27
4.24,375.51
4.25,0
4.26,0
4.27,0
4.28,211.85
4.29,208.69
4.3,205.22
4.31,203.69
4.32,378.56
4.33,372.49
4.34,374.86
4.35,428.87
4.36,0
4.37,0
4.38,374.43
4.39,389.21
4.4,385.85
4.41,378.13
4.42,384.74
4.43,0
4.44,0
4.45,0
4.46,0
4.47,0
4.48,275.21
4.49,272.05
4.5,0
4.51,0
4.52,0
4.53,0
4.54,543.78
4.55,512.38
4.56,481.11
4.57,472.03
4.58,480.55
4.59,499.81
4.6,223.54
4.61,245.89
4.62,264.61
4.63,269.86
4.64,0
4.65,0
4.66,568.19
4.67,272.21
4.68,0
4.69,0
4.7,0
4.71,0
4.72,533.83
4.73,265.22
4.74,263.54
4.75,460.45
4.76,468.22
4.77,452.54
4.78,475.86
4.79,0
4.8,0
4.81,251.93
4.82,247.32
4.83,0
4.84,0
4.85,110.49
4.86,110.68
4.87,110.81
4.88,110.93
4.89,111
4.9,111.13
4.91,111.19
4.92,111.38
4.93,111.51
4.94,111.71
4.95,218.81
4.96,686.31
4.97,219.19
4.98,216.55
4.99,213.45
5,222.77
5.01,227.58
5.02,230.62
5.03,233.03
5.04,0
5.05,0
5.06,0
5.07,0
5.08,223.02
5.09,223.15
5.1,223.28
5.11,223.54
5.12,223.8
5.13,223.93
5.14,778.86
5.15,729.65
5.16,0
5.17,0
5.18,642.95
5.19,0
5.2,633
5.21,0
5.22,0
5.23,687.5
5.24,0
5.25,0
5.26,0
5.27,0
5.28,0
5.29,234.11
5.3,0
5.31,676.86
5.32,0
5.33,223.54
5.34,223.67
5.35,434.85
5.36,452.01
5.37,479.45
5.38,0
5.39,0
5.4,0
5.41,224.32
5.42,386.74
5.43,389.43
5.44,432.1
5.45,224.84
5.46,226.14
5.47,226.53
5.48,226.66
5.49,229.69
5.5,235.33
5.51,236.56
5.52,236.01
5.53,440.93
5.54,0
5.55,0
5.56,363.98
5.57,366.09
5.58,0
5.59,519.23
5.6,520.43
5.61,0
5.62,0
5.63,473.94
5.64,237.93
5.65,231.96
5.66,0
5.67,0
5.68,0
5.69,0
5.7,246.18
5.71,246.18
5.72,246.89
5.73,249.61
5.74,251.21
5.75,250.19
5.76,248.46
5.77,246.32
5.78,244.34
5.79,242.37
5.8,239.03
5.81,237.65
5.82,237.24
5.83,235.33
5.84,0
5.85,228.63
5.86,230.49
5.87,232.09
5.88,235.47
5.89,238.48
5.9,237.93
5.91,237.11
5.92,233.3
5.93,231.16
5.94,0
5.95,303.43
5.96,127.28
5.97,127.28
5.98,126.92
5.99,0
6,0
6.01,0
6.02,0
6.03,0
6.04,115.91
6.05,116.18
6.06,116.38
6.07,385.4
6.08,381.86
6.09,377.04
6.1,116.31
6.11,0
6.12,0
6.13,0
6.14,252.08
6.15,253.54
6.16,255.01
6.17,253.98
6.18,250.34
6.19,248.46
6.2,345.74
6.21,371.63
6.22,0
6.23,251.5
6.24,247.46
6.25,242.51
6.26,239.45
6.27,237.79
6.28,238.34
6.29,239.45
6.3,240
6.31,240.14
6.32,241.53
6.33,244.2
6.34,245.75
6.35,425.91
6.36,411.64
6.37,393.05
6.38,388.08
6.39,384.07
6.4,392.14
6.41,0
6.42,537.54
6.43,0
6.44,244.48
6.45,0
6.46,0
6.47,0
6.48,492.36
6.49,0
6.5,0
6.51,0
6.52,515.34
6.53,0
6.54,0
6.55,183.05
6.56,183.05
6.57,284.26
6.58,182.94
6.59,182.73
6.6,182.41
6.61,182.2
6.62,182.1
6.63,182.1
6.64,181.99
6.65,181.99
6.66,182.94
6.67,185.6
6.68,187.32
6.69,189.28
6.7,191.04
6.71,190.82
6.72,190.38
6.73,189.61
6.74,188.63
6.75,188.41
6.76,188.19
6.77,188.08
6.78,187.97
6.79,187.11
6.8,185.82
6.81,184.53
6.82,183.26
6.83,183.05
6.84,184.85
6.85,187.11
6.86,189.61
6.87,192.37
6.88,190.93
6.89,189.61
6.9,188.08
6.91,187.11
6.92,187.43
6.93,188.08
6.94,188.63
6.95,189.17
6.96,189.28
6.97,188.84
6.98,188.52
6.99,188.19
7,187.97
7.01,188.08
7.02,188.19
7.03,188.19
7.04,188.08
7.05,187.76
7.06,187.43
7.07,187.54
7.08,187.65
7.09,187.97
7.1,188.19
7.11,188.52
7.12,188.95
7.13,189.61
7.14,191.04
7.15,193.71
7.16,197.55
7.17,199.15
7.18,198
7.19,195.96
7.2,195.17
7.21,194.49
7.22,195.05
7.23,196.18
7.24,198.58
7.25,201
7.26,201.35
7.27,200.65
7.28,201
7.29,201.93
7.3,202.17
7.31,201.23
7.32,200.65
7.33,201
7.34,201.35
7.35,199.96
7.36,198.81
7.37,198.35
7.38,198
7.39,197.66
7.4,0
7.41,0
7.42,0
7.43,0
7.44,0
7.45,0
7.46,0
7.47,218.94
7.48,0
7.49,0
7.5,0
7.51,0
7.52,0
7.53,0
7.54,0
7.55,564.59
7.56,0
7.57,0
7.58,0
7.59,0
7.6,0
7.61,0
7.62,0
7.63,198.12
7.64,198.69
7.65,0
7.66,0
7.67,0
7.68,0
7.69,0
7.7,0
7.71,0
7.72,0
7.73,0
7.74,0
7.75,179.28
7.76,178.97
7.77,179.17
7.78,347.14
7.79,0
7.8,0
7.81,0
7.82,0
7.83,0
7.84,0
7.85,187.76
7.86,187.32
7.87,0
7.88,0
7.89,0
7.9,0
7.91,371.2
7.92,373.14
7.93,234.79
7.94,241.11
7.95,238.07
7.96,0
7.97,0
7.98,420.77
7.99,0
8,0
8.01,121.68
8.02,313.41
8.03,121.18
8.04,121.04
8.05,120.9
8.06,0
8.07,0
8.08,390.11
8.09,388.53
8.1,392.59
8.11,398.99
8.12,0
8.13,0
8.14,0
8.15,0
8.16,0
8.17,0
8.18,0
8.19,0
8.2,0
8.21,0
8.22,0
8.23,276.96
8.24,274.89
8.25,0
8.26,195.39
8.27,195.05
8.28,194.49
8.29,193.37
8.3,192.03
8.31,512.38
8.32,526.17
8.33,0
8.34,528.3
8.35,0
8.36,203.22
8.37,202.75
8.38,0
8.39,0
8.4,0
8.41,0
8.42,0
8.43,0
8.44,0
8.45,0
8.46,0
8.47,288.89
8.48,0
8.49,518.33
8.5,0
8.51,0
8.52,0
8.53,498.36
8.54,0
8.55,0
8.56,0
8.57,0
8.58,0
8.59,0
8.6,0
8.61,554.57
8.62,177.01
8.63,177.32
8.64,177.53
8.65,177.63
8.66,177.73
8.67,177.63
8.68,177.42
8.69,177.22
8.7,446.05
8.71,437.12
8.72,441.95
8.73,462.58
8.74,0
8.75,0
8.76,0
8.77,108.28
8.78,276.64
8.79,281.81
8.8,108.09
8.81,0
8.82,0
8.83,476.68
8.84,461.51
8.85,456.47
8.86,0
8.87,0
8.88,0
8.89,0
8.9,472.03
8.91,297.36
8.92,299.08
8.93,0
8.94,0
8.95,0
8.96,564.26
8.97,0
8.98,0
8.99,0
9,0
9.01,110.93
9.02,111.06
9.03,111.19
9.04,111.32
9.05,111.45
9.06,111.58
9.07,111.71
9.08,111.83
9.09,111.96
9.1,112.03
9.11,112.09
9.12,112.16
9.13,112.22
9.14,112.16
9.15,0
9.16,0
9.17,0
9.18,0
9.19,0
9.2,0
9.21,0
9.22,0
9.23,0
9.24,0
9.25,0
9.26,311.24
9.27,0
9.28,0
9.29,0
9.3,0
9.31,0
9.32,0
9.33,0
9.34,404.8
9.35,217.68
9.36,219.32
9.37,0
9.38,427.88
9.39,427.38
9.4,426.64
9.41,454.37
9.42,187.22
9.43,186.78
9.44,187.43
9.45,464.19
9.46,466.34
9.47,0
9.48,0
9.49,0
9.5,0
9.51,0
9.52,0
9.53,0
9.54,0
9.55,0
9.56,0
9.57,0
9.58,0
9.59,223.93
9.6,224.71
9.61,414.98
9.62,415.22
9.63,421.5
9.64,442.2
9.65,437.88
9.66,428.62
9.67,425.91
9.68,420.77
9.69,0
9.7,0
9.71,0
9.72,409.97
9.73,420.77
9.74,0
9.75,0
9.76,0
